time_ms,action,a,b,c
10,RAISE,1,5,10
